28.0459588103 1
1.82740125686 1
6.93991929718 1
16.2239919733 1
35.8893834083 1
0.777293243128 1
2.55878641691 1
3.7983193652 1
25.8491359996 1
15.018762595 1
5.83211643997 1
1.36584643826 1
15.3239791478 1
7.19135740052 1
1.24446829476 1
2.47491483515 1
18.9255443773 1
3.76957743394 1
8.88925555406 1
21.6339367741 1
23.6668501139 2
16.5637519552 2
16.4902655709 2
22.867726103 2
17.7052595414 2
19.9304810197 2
23.7238856999 2
18.9046961728 2
15.8189175689 2
22.8328607941 2
23.8892439013 2
24.7422764901 2
22.7311398133 2
17.3626938995 2
22.9240044532 2
22.7691129987 2
22.0771868682 2
18.428209659 2
17.057101171 2
19.232172758 2
14.2791617019 3
14.0298580878 3
13.1840138573 3
16.7252688751 3
10.670876058 3
15.3906225369 3
10.7909620907 3
15.0412778781 3
17.695004659 3
10.346812174 3
17.091938054 3
15.6932113521 3
9.41508823049 3
11.8114275355 3
4.97404206451 3
8.8888493485 3
3.73098304524 3
12.6418993094 3
6.1672471311 3
18.0061650485 3
